42.3523914,-71.1159702,2023-2-26 12:10:12,24387958,779,52904
42.3521542,-71.1162893,2023-2-26 12:10:13,24387958,2406,43246
42.3521751,-71.1161710,2023-2-26 12:10:14,23930522,1244,41554
42.3523194,-71.1157685,2023-2-26 12:10:15,14760100,1512,43214
42.3522877,-71.1157557,2023-2-26 12:10:16,14869230,996,50865
42.3522401,-71.1157156,2023-2-26 12:10:17,14814702,2547,47147
42.3522119,-71.1156984,2023-2-26 12:10:18,14814702,936,47046
42.3521659,-71.1156679,2023-2-26 12:10:19,14814702,534,45519
42.3521418,-71.1156568,2023-2-26 12:10:20,14814702,609,44352
42.3521098,-71.1156237,2023-2-26 12:10:21,14814702,871,39396
42.3520717,-71.1155956,2023-2-26 12:10:22,14814702,388,35541
42.3520477,-71.1155531,2023-2-26 12:10:23,6203733,2579,29597
42.3520170,-71.1155457,2023-2-26 12:10:24,7582513,1062,27948
42.3519458,-71.1155322,2023-2-26 12:10:25,7582513,171,34464
42.3519277,-71.1155177,2023-2-26 12:10:26,12065154,503,33656
42.3518953,-71.1155049,2023-2-26 12:10:27,13995110,940,33552
42.3518705,-71.1155045,2023-2-26 12:10:28,13995110,299,35358
42.3518447,-71.1154910,2023-2-26 12:10:29,16136804,769,35139
42.3518171,-71.1154806,2023-2-26 12:10:30,16922502,1373,34553
42.3517916,-71.1154746,2023-2-26 12:10:31,17150590,1941,34914
42.3517779,-71.1154762,2023-2-26 12:10:32,19365462,1158,35514
42.3517642,-71.1154756,2023-2-26 12:10:33,19153536,1037,35389
42.3517689,-71.1154829,2023-2-26 12:10:34,31169938,3230,33780
42.3517629,-71.1154886,2023-2-26 12:10:35,31169938,775,33480
42.3517509,-71.1154836,2023-2-26 12:10:36,31169938,865,28924
42.3517511,-71.1154734,2023-2-26 12:10:37,31169938,1505,27490
42.3517390,-71.1154758,2023-2-26 12:10:38,31169938,753,28386
42.3517231,-71.1154929,2023-2-26 12:10:39,30119458,1708,29426
42.3516949,-71.1155028,2023-2-26 12:10:40,25985242,1312,31506
42.3516789,-71.1155098,2023-2-26 12:10:41,25985242,775,34195
42.3516369,-71.1155083,2023-2-26 12:10:42,19266404,1861,37068
42.3516219,-71.1155046,2023-2-26 12:10:43,19266404,142,37597
42.3516004,-71.1155080,2023-2-26 12:10:44,19619268,565,39515
42.3515799,-71.1154955,2023-2-26 12:10:45,16221898,857,38106
42.3515588,-71.1154927,2023-2-26 12:10:46,16085076,1621,36407
42.3515413,-71.1154798,2023-2-26 12:10:47,14305614,1422,34431
42.3515259,-71.1154807,2023-2-26 12:10:48,14305614,262,33744
42.3515164,-71.1154771,2023-2-26 12:10:49,14305614,360,32020
42.3515001,-71.1154857,2023-2-26 12:10:50,16675748,603,33148
42.3514918,-71.1154827,2023-2-26 12:10:51,16675748,312,31323
42.3514817,-71.1154854,2023-2-26 12:10:52,17687038,775,30271
42.3514751,-71.1154955,2023-2-26 12:10:53,21224298,791,30325
42.3514623,-71.1155049,2023-2-26 12:10:54,22689292,631,30808
42.3514488,-71.1155149,2023-2-26 12:10:55,20586792,1291,31203
42.3514414,-71.1155174,2023-2-26 12:10:56,19447226,1013,30729
42.3514337,-71.1155502,2023-2-26 12:10:57,19447226,2002,31345
42.3514263,-71.1155723,2023-2-26 12:10:58,19447226,2002,31641
42.3514190,-71.1155930,2023-2-26 12:10:59,19447226,1978,31162
42.3514115,-71.1156148,2023-2-26 12:11:0,19447226,1978,31176
42.3514041,-71.1156366,2023-2-26 12:11:1,19447226,1978,31191
42.3513293,-71.1155917,2023-2-26 12:11:2,19447226,1114,32663
42.3513032,-71.1155846,2023-2-26 12:11:3,17634690,1095,33646
42.3512624,-71.1155711,2023-2-26 12:11:4,15701250,1714,33904
42.3511776,-71.1155130,2023-2-26 12:11:5,13554028,1467,34803
42.3511342,-71.1154743,2023-2-26 12:11:6,13325486,1099,36005
42.3511035,-71.1154159,2023-2-26 12:11:7,11267098,1665,34406
42.3511016,-71.1153771,2023-2-26 12:11:8,11796362,1914,33696
42.3511028,-71.1153439,2023-2-26 12:11:9,11483646,1292,33507
42.3511012,-71.1153083,2023-2-26 12:11:10,12621034,1968,33528
42.3511169,-71.1152911,2023-2-26 12:11:11,2796746,2343,33065
42.3511116,-71.1152646,2023-2-26 12:11:12,6528230,1403,33230
42.3511074,-71.1152381,2023-2-26 12:11:13,8825168,1382,32873
42.3511036,-71.1152124,2023-2-26 12:11:14,10050186,1488,32916
42.3511011,-71.1151887,2023-2-26 12:11:15,9996440,1266,32766
42.3510981,-71.1151673,2023-2-26 12:11:16,10548794,1236,32614
42.3510991,-71.1151491,2023-2-26 12:11:17,11480790,1517,31294
42.3511022,-71.1151304,2023-2-26 12:11:18,10972000,1435,29898
42.3511021,-71.1151071,2023-2-26 12:11:19,10440030,1504,29567
42.3511039,-71.1150895,2023-2-26 12:11:20,10274242,1488,28583
42.3511019,-71.1150684,2023-2-26 12:11:21,10367776,1594,28300
42.3511062,-71.1150508,2023-2-26 12:11:22,9871516,1363,27061
42.3511057,-71.1150353,2023-2-26 12:11:23,9601672,1355,26333
42.3511122,-71.1150225,2023-2-26 12:11:24,8893528,805,24970
42.3511173,-71.1150180,2023-2-26 12:11:25,8275028,400,24072
42.3511195,-71.1150136,2023-2-26 12:11:26,10249172,721,23643
42.3511204,-71.1150060,2023-2-26 12:11:27,10895034,901,23125
42.3511197,-71.1150025,2023-2-26 12:11:28,12124012,610,22759
42.3511241,-71.1149980,2023-2-26 12:11:29,8592660,634,22359
42.3511251,-71.1149878,2023-2-26 12:11:30,10287340,1129,21914
42.3511236,-71.1149729,2023-2-26 12:11:31,9647856,1124,21971
42.3511241,-71.1149548,2023-2-26 12:11:32,9615476,1365,21614
42.3511233,-71.1149380,2023-2-26 12:11:33,9981988,1232,19674
42.3511268,-71.1149227,2023-2-26 12:11:34,9370236,1279,19335
42.3511289,-71.1149056,2023-2-26 12:11:35,9293478,1296,19530
42.3511282,-71.1148867,2023-2-26 12:11:36,10611082,1768,19644
42.3511242,-71.1148683,2023-2-26 12:11:37,10824560,1509,19513
42.3511202,-71.1148500,2023-2-26 12:11:38,10685608,1459,19482
42.3511180,-71.1148320,2023-2-26 12:11:39,10241730,1489,19352
42.3511162,-71.1148151,2023-2-26 12:11:40,10237038,1425,19013
42.3511167,-71.1148017,2023-2-26 12:11:41,10276682,1406,18945
42.3511165,-71.1147840,2023-2-26 12:11:42,10039198,1458,18754
42.3511269,-71.1147773,2023-2-26 12:11:43,5281919,1504,17728
42.3511279,-71.1147633,2023-2-26 12:11:44,7090274,1590,17810
42.3511284,-71.1147433,2023-2-26 12:11:45,7090274,1716,17442
42.3511376,-71.1147092,2023-2-26 12:11:46,7099828,3073,17255
42.3511457,-71.1146735,2023-2-26 12:11:47,7099828,3073,16907
42.3511538,-71.1146378,2023-2-26 12:11:48,7099828,3073,16559
42.3511619,-71.1146022,2023-2-26 12:11:49,7099828,3073,16211
42.3511700,-71.1145665,2023-2-26 12:11:50,7099828,3073,15863
42.3511782,-71.1145309,2023-2-26 12:11:51,7099828,3073,15515
42.3511863,-71.1144952,2023-2-26 12:11:52,7099828,3073,15167
42.3511944,-71.1144595,2023-2-26 12:11:53,7099828,3073,14818
42.3523930,-71.1106773,2023-2-26 12:11:54,4171758,27491,4298
42.3525777,-71.1104553,2023-2-26 12:11:55,4171758,27491,2082
42.3520281,-71.1108760,2023-2-26 12:11:56,4171758,2379,2658
42.3525281,-71.1120224,2023-2-26 12:11:57,6627871,1292,21543
42.3526137,-71.1130217,2023-2-26 12:11:58,9896676,1360,33910
42.3521108,-71.1136113,2023-2-26 12:11:59,10167708,1394,37821
42.3517462,-71.1140465,2023-2-26 12:12:0,9948456,1502,37956
42.3515688,-71.1141823,2023-2-26 12:12:1,10567246,1422,36634
42.3514377,-71.1142724,2023-2-26 12:12:2,10354564,1389,33354
42.3513608,-71.1143009,2023-2-26 12:12:3,10124898,1388,32776
42.3513698,-71.1143210,2023-2-26 12:12:4,9944400,1349,30110
42.3513352,-71.1143239,2023-2-26 12:12:5,9923556,1406,28866
42.3513283,-71.1143209,2023-2-26 12:12:6,4088389,2172,27107
42.3513142,-71.1143054,2023-2-26 12:12:7,5658691,1482,26182
42.3512786,-71.1143000,2023-2-26 12:12:8,8552228,1510,25856
42.3512581,-71.1142895,2023-2-26 12:12:9,9637408,1484,25181
42.3512471,-71.1142892,2023-2-26 12:12:10,9238158,1363,23011
42.3512352,-71.1142758,2023-2-26 12:12:11,8978686,1391,22089
42.3512307,-71.1142651,2023-2-26 12:12:12,8124596,1263,21179
42.3512278,-71.1142537,2023-2-26 12:12:13,9408080,1481,20711
42.3512264,-71.1142407,2023-2-26 12:12:14,9650344,1563,19916
42.3512347,-71.1142283,2023-2-26 12:12:15,9331640,1322,17752
42.3512355,-71.1142162,2023-2-26 12:12:16,9042552,1393,16627
42.3512340,-71.1142048,2023-2-26 12:12:17,10048446,1520,16073
42.3512330,-71.1141935,2023-2-26 12:12:18,10060438,1473,15586
42.3512303,-71.1141802,2023-2-26 12:12:19,10248736,1485,15181
42.3512287,-71.1141672,2023-2-26 12:12:20,10214906,1453,14724
42.3512260,-71.1141547,2023-2-26 12:12:21,10146528,1567,14464
42.3512245,-71.1141443,2023-2-26 12:12:22,10505968,1165,13358
42.3512217,-71.1141330,2023-2-26 12:12:23,10588756,1190,12041
42.3512151,-71.1141203,2023-2-26 12:12:24,11342720,1383,11058
42.3512101,-71.1141072,2023-2-26 12:12:25,12491642,1635,10390
42.3512066,-71.1140939,2023-2-26 12:12:26,11847132,1333,9930
42.3512018,-71.1140775,2023-2-26 12:12:27,11664866,1610,10099
42.3512023,-71.1140643,2023-2-26 12:12:28,10186842,1157,9726
42.3512018,-71.1140494,2023-2-26 12:12:29,9881350,1444,9448
42.3512025,-71.1140338,2023-2-26 12:12:30,9952016,1600,9041
42.3511991,-71.1140182,2023-2-26 12:12:31,10738206,1652,8368
42.3511986,-71.1140020,2023-2-26 12:12:32,9833112,1471,7724
42.3511987,-71.1139868,2023-2-26 12:12:33,9601190,1407,7237
42.3511920,-71.1139671,2023-2-26 12:12:34,10927564,1967,7661
42.3511864,-71.1139491,2023-2-26 12:12:35,11047378,1663,7976
42.3512053,-71.1139377,2023-2-26 12:12:36,5097347,2171,6343
42.3512108,-71.1139234,2023-2-26 12:12:37,5289590,1381,5740
42.3512142,-71.1139104,2023-2-26 12:12:38,6730731,1163,4882
42.3512063,-71.1138939,2023-2-26 12:12:39,9513800,1424,5225
42.3511985,-71.1138779,2023-2-26 12:12:40,11345006,1620,4908
42.3511911,-71.1138614,2023-2-26 12:12:41,10690826,1458,4931
42.3511918,-71.1138510,2023-2-26 12:12:42,9957314,790,4130
42.3511913,-71.1138387,2023-2-26 12:12:43,7835080,1242,3962
42.3511885,-71.1138225,2023-2-26 12:12:44,8789362,1442,4051
42.3511843,-71.1138050,2023-2-26 12:12:45,9525258,1492,4067
42.3511803,-71.1137864,2023-2-26 12:12:46,9336038,1537,4146
42.3511759,-71.1137690,2023-2-26 12:12:47,9769056,1451,3985
42.3511706,-71.1137501,2023-2-26 12:12:48,9827984,1570,4095
42.3511639,-71.1137313,2023-2-26 12:12:49,10717026,1630,4153
42.3511589,-71.1137142,2023-2-26 12:12:50,10550826,1450,4243
42.3511562,-71.1136975,2023-2-26 12:12:51,10185122,1448,4325
42.3511539,-71.1136802,2023-2-26 12:12:52,9628486,1465,4532
42.3511518,-71.1136627,2023-2-26 12:12:53,9564660,1460,4773
42.3511506,-71.1136465,2023-2-26 12:12:54,9236130,1324,5127
42.3511509,-71.1136315,2023-2-26 12:12:55,8424268,1226,4941
42.3511541,-71.1136177,2023-2-26 12:12:56,6975244,1256,4319
42.3511592,-71.1136072,2023-2-26 12:12:57,5832718,1162,3577
42.3511587,-71.1135931,2023-2-26 12:12:58,7257899,1380,3403
42.3511542,-71.1135757,2023-2-26 12:12:59,9630674,1492,3260
42.3511491,-71.1135579,2023-2-26 12:13:0,9651286,1491,3512
42.3511487,-71.1135436,2023-2-26 12:13:1,9426248,1048,3162
42.3511473,-71.1135277,2023-2-26 12:13:2,9302286,1305,3256
42.3511461,-71.1135099,2023-2-26 12:13:3,9073568,1494,3395
42.3511453,-71.1134911,2023-2-26 12:13:4,9105762,1539,3485
42.3511453,-71.1134729,2023-2-26 12:13:5,9106526,1464,3105
42.3511426,-71.1134544,2023-2-26 12:13:6,9212764,1494,2856
42.3511384,-71.1134372,2023-2-26 12:13:7,10141878,1303,2700
42.3511389,-71.1134216,2023-2-26 12:13:8,9993156,1355,2644
42.3511490,-71.1134388,2023-2-26 12:13:9,3295671,1726,3544
42.3511519,-71.1134484,2023-2-26 12:13:10,3295671,715,4635
42.3511468,-71.1134465,2023-2-26 12:13:11,3295671,682,5268
42.3511379,-71.1134377,2023-2-26 12:13:12,3295671,1125,5826
42.3511147,-71.1134298,2023-2-26 12:13:13,8879934,1220,6756
42.3511046,-71.1134208,2023-2-26 12:13:14,7029185,1123,9040
42.3511072,-71.1134058,2023-2-26 12:13:15,8239337,1317,7719
42.3511021,-71.1133862,2023-2-26 12:13:16,9620736,1525,8298
42.3510973,-71.1133662,2023-2-26 12:13:17,9880666,1521,8498
42.3510950,-71.1133477,2023-2-26 12:13:18,9728244,1518,8904
42.3510926,-71.1133321,2023-2-26 12:13:19,9818720,1425,9330
42.3510891,-71.1133143,2023-2-26 12:13:20,9707042,1503,9576
42.3510863,-71.1132961,2023-2-26 12:13:21,9788144,1470,9866
42.3510843,-71.1132793,2023-2-26 12:13:22,9993828,1525,10122
42.3510814,-71.1132623,2023-2-26 12:13:23,9966600,1457,10271
42.3510774,-71.1132438,2023-2-26 12:13:24,10649904,1686,10312
42.3510737,-71.1132268,2023-2-26 12:13:25,10344324,1156,10640
42.3510703,-71.1132079,2023-2-26 12:13:26,9959596,1484,10051
42.3510657,-71.1131935,2023-2-26 12:13:27,9959596,1017,9910
42.3510624,-71.1131825,2023-2-26 12:13:28,9483352,1245,10344
42.3510601,-71.1131701,2023-2-26 12:13:29,9425514,1340,10987
42.3510582,-71.1131554,2023-2-26 12:13:30,9595256,1477,11405
42.3510562,-71.1131390,2023-2-26 12:13:31,9568110,1579,11651
42.3510540,-71.1131220,2023-2-26 12:13:32,9900932,1576,11865
42.3510502,-71.1131053,2023-2-26 12:13:33,10264034,1578,12306
42.3510472,-71.1130886,2023-2-26 12:13:34,10170952,1477,12624
42.3510443,-71.1130715,2023-2-26 12:13:35,10009522,1545,13043
42.3510399,-71.1130530,2023-2-26 12:13:36,10135438,1561,13651
42.3510372,-71.1130355,2023-2-26 12:13:37,10072556,1455,14143
42.3510341,-71.1130177,2023-2-26 12:13:38,10221552,1587,14319
42.3510253,-71.1129925,2023-2-26 12:13:39,10290232,2004,14574
42.3510206,-71.1129746,2023-2-26 12:13:40,10800394,1636,14527
42.3510160,-71.1129578,2023-2-26 12:13:41,10657304,1516,14410
42.3510136,-71.1129415,2023-2-26 12:13:42,10182436,1560,14526
42.3510128,-71.1129265,2023-2-26 12:13:43,9465190,1505,14891
42.3510126,-71.1129096,2023-2-26 12:13:44,9323072,1604,15348
42.3510143,-71.1128898,2023-2-26 12:13:45,9005610,1770,15583
42.3510124,-71.1128721,2023-2-26 12:13:46,9831118,1539,15340
42.3510077,-71.1128537,2023-2-26 12:13:47,10561856,1604,15614
42.3510072,-71.1128384,2023-2-26 12:13:48,10379202,1275,16102
42.3509969,-71.1128201,2023-2-26 12:13:49,12489102,2282,17445
42.3509914,-71.1127994,2023-2-26 12:13:50,10848514,1613,17211
42.3509876,-71.1127822,2023-2-26 12:13:51,10835746,1455,17625
42.3509831,-71.1127643,2023-2-26 12:13:52,10560708,1511,17921
42.3509792,-71.1127476,2023-2-26 12:13:53,10359200,1571,18406
42.3509763,-71.1127318,2023-2-26 12:13:54,10120008,1455,18818
42.3509743,-71.1127151,2023-2-26 12:13:55,9975820,1392,18852
42.3509709,-71.1126978,2023-2-26 12:13:56,9989716,1344,18849
42.3509654,-71.1126787,2023-2-26 12:13:57,10080114,1420,19073
42.3509608,-71.1126600,2023-2-26 12:13:58,9782844,1372,19386
42.3509556,-71.1126416,2023-2-26 12:13:59,10035610,1480,19888
42.3509508,-71.1126236,2023-2-26 12:14:0,9954342,1377,20181
42.3509457,-71.1126069,2023-2-26 12:14:1,10287360,1315,20356
42.3509401,-71.1125897,2023-2-26 12:14:2,10412950,1376,20529
42.3509350,-71.1125718,2023-2-26 12:14:3,10116968,1456,20910
42.3509316,-71.1125517,2023-2-26 12:14:4,9594768,1621,20978
42.3509298,-71.1125342,2023-2-26 12:14:5,9659688,1467,20918
42.3509285,-71.1125163,2023-2-26 12:14:6,9004600,1450,20875
42.3509281,-71.1124999,2023-2-26 12:14:7,9194618,1403,20678
42.3509228,-71.1124808,2023-2-26 12:14:8,9836666,1506,21007
42.3509191,-71.1124622,2023-2-26 12:14:9,9814592,1538,21373
42.3509145,-71.1124426,2023-2-26 12:14:10,9906890,1582,21673
42.3509108,-71.1124235,2023-2-26 12:14:11,9920094,1579,21892
42.3509072,-71.1124053,2023-2-26 12:14:12,9690310,1396,22048
42.3509040,-71.1123877,2023-2-26 12:14:13,9789908,1455,22172
42.3509013,-71.1123702,2023-2-26 12:14:14,10094384,1503,22423
42.3508970,-71.1123517,2023-2-26 12:14:15,9723522,1393,22620
42.3508910,-71.1123325,2023-2-26 12:14:16,10643322,1660,22743
42.3508861,-71.1123118,2023-2-26 12:14:17,10084748,1660,22779
42.3508828,-71.1122916,2023-2-26 12:14:18,9400246,1507,22688
42.3508794,-71.1122745,2023-2-26 12:14:19,10171050,1383,22561
42.3508750,-71.1122573,2023-2-26 12:14:20,10265820,1454,22732
42.3508718,-71.1122394,2023-2-26 12:14:21,9950392,1455,22873
42.3508690,-71.1122212,2023-2-26 12:14:22,9950104,1501,23049
42.3508648,-71.1122026,2023-2-26 12:14:23,10486850,1579,23028
42.3508612,-71.1121836,2023-2-26 12:14:24,10144218,1548,22815
42.3508591,-71.1121658,2023-2-26 12:14:25,9716508,1392,22586
42.3508569,-71.1121478,2023-2-26 12:14:26,9746958,1517,22684
42.3508549,-71.1121292,2023-2-26 12:14:27,9723274,1528,22928
42.3508532,-71.1121111,2023-2-26 12:14:28,9769470,1487,23089
42.3508506,-71.1120930,2023-2-26 12:14:29,9965610,1510,23171
42.3508479,-71.1120741,2023-2-26 12:14:30,10024344,1593,23154
42.3508455,-71.1120559,2023-2-26 12:14:31,9905442,1468,22996
42.3508421,-71.1120386,2023-2-26 12:14:32,10339952,1456,22893
42.3508390,-71.1120213,2023-2-26 12:14:33,10108332,1452,23001
42.3508375,-71.1120031,2023-2-26 12:14:34,9510450,1504,23072
42.3508363,-71.1119844,2023-2-26 12:14:35,9527800,1506,23132
42.3508353,-71.1119658,2023-2-26 12:14:36,9432804,1511,23033
42.3508334,-71.1119469,2023-2-26 12:14:37,9599046,1542,23044
42.3508319,-71.1119286,2023-2-26 12:14:38,9644034,1473,22882
42.3508295,-71.1119116,2023-2-26 12:14:39,10081966,1426,22749
42.3508267,-71.1118942,2023-2-26 12:14:40,10027660,1435,22777
42.3508249,-71.1118759,2023-2-26 12:14:41,9621696,1490,22753
42.3508233,-71.1118573,2023-2-26 12:14:42,9497126,1486,22878
42.3508214,-71.1118383,2023-2-26 12:14:43,9759662,1534,22903
42.3508179,-71.1118197,2023-2-26 12:14:44,10524504,1573,22854
42.3508136,-71.1118014,2023-2-26 12:14:45,10707146,1564,22815
42.3508105,-71.1117825,2023-2-26 12:14:46,10341746,1591,22855
42.3508086,-71.1117644,2023-2-26 12:14:47,10098726,1474,22688
42.3508064,-71.1117468,2023-2-26 12:14:48,10080182,1474,22665
42.3508059,-71.1117288,2023-2-26 12:14:49,9672902,1488,22480
42.3508049,-71.1117104,2023-2-26 12:14:50,9515682,1527,22559
42.3508029,-71.1116911,2023-2-26 12:14:51,9700156,1568,22605
42.3508010,-71.1116717,2023-2-26 12:14:52,9652780,1596,22616
42.3507986,-71.1116532,2023-2-26 12:14:53,9906610,1461,22563
42.3507966,-71.1116344,2023-2-26 12:14:54,9716430,1593,22645
42.3507957,-71.1116150,2023-2-26 12:14:55,9575794,1525,22328
42.3507939,-71.1115956,2023-2-26 12:14:56,9976888,1581,22258
42.3507916,-71.1115771,2023-2-26 12:14:57,9952620,1477,22243
42.3507891,-71.1115594,2023-2-26 12:14:58,10142928,1422,22440
42.3507851,-71.1115417,2023-2-26 12:14:59,10762718,1510,22963
42.3507811,-71.1115238,2023-2-26 12:15:0,10976192,1545,22902
42.3507783,-71.1115057,2023-2-26 12:15:1,10397282,1466,22784
42.3507758,-71.1114868,2023-2-26 12:15:2,10138926,1578,22578
42.3507730,-71.1114682,2023-2-26 12:15:3,10222514,1480,22373
42.3507709,-71.1114501,2023-2-26 12:15:4,9701248,1373,22195
42.3507688,-71.1114323,2023-2-26 12:15:5,9798268,1403,22379
42.3507667,-71.1114146,2023-2-26 12:15:6,9783004,1381,22492
42.3507650,-71.1113970,2023-2-26 12:15:7,9771894,1400,22529
42.3507638,-71.1113800,2023-2-26 12:15:8,9612842,1332,22346
42.3507627,-71.1113640,2023-2-26 12:15:9,9540526,1241,21966
42.3507609,-71.1113485,2023-2-26 12:15:10,9925546,1241,21952
42.3507589,-71.1113332,2023-2-26 12:15:11,10016172,1205,22075
42.3507567,-71.1113179,2023-2-26 12:15:12,10081676,1271,22234
42.3507540,-71.1113026,2023-2-26 12:15:13,10353406,1233,22153
42.3507518,-71.1112870,2023-2-26 12:15:14,10224702,1218,22193
42.3507504,-71.1112710,2023-2-26 12:15:15,9969920,1202,22310
42.3507491,-71.1112545,2023-2-26 12:15:16,9628546,1317,22238
42.3507487,-71.1112383,2023-2-26 12:15:17,9480458,1192,22059
42.3507483,-71.1112241,2023-2-26 12:15:18,9369544,1061,21929
42.3507486,-71.1112095,2023-2-26 12:15:19,8962120,1158,21765
42.3507493,-71.1111951,2023-2-26 12:15:20,8948412,1130,21517
42.3507501,-71.1111821,2023-2-26 12:15:21,8732240,1051,21073
42.3507499,-71.1111680,2023-2-26 12:15:22,9267466,1144,20961
42.3507488,-71.1111539,2023-2-26 12:15:23,9585390,1119,20988
42.3507479,-71.1111415,2023-2-26 12:15:24,9739468,977,20209
42.3507480,-71.1111263,2023-2-26 12:15:25,8715262,1265,20042
42.3507500,-71.1111093,2023-2-26 12:15:26,8266455,1391,19907
42.3507518,-71.1110902,2023-2-26 12:15:27,8507808,1569,19654
42.3507539,-71.1110702,2023-2-26 12:15:28,8226429,1566,19462
42.3507565,-71.1110503,2023-2-26 12:15:29,8134588,1592,19261
42.3507591,-71.1110312,2023-2-26 12:15:30,8146963,1497,19106
42.3507610,-71.1110121,2023-2-26 12:15:31,8364191,1519,19064
42.3507625,-71.1109929,2023-2-26 12:15:32,8536950,1521,19070
42.3507633,-71.1109733,2023-2-26 12:15:33,8802846,1580,19086
42.3507644,-71.1109536,2023-2-26 12:15:34,8667948,1565,19180
42.3507669,-71.1109341,2023-2-26 12:15:35,8089954,1561,19203
42.3507692,-71.1109149,2023-2-26 12:15:36,8308633,1505,19269
42.3507706,-71.1108954,2023-2-26 12:15:37,8629412,1550,19238
42.3507704,-71.1108758,2023-2-26 12:15:38,9257398,1567,19163
42.3507692,-71.1108559,2023-2-26 12:15:39,9582122,1612,19046
42.3507668,-71.1108358,2023-2-26 12:15:40,10060408,1620,18957
42.3507639,-71.1108176,2023-2-26 12:15:41,10258702,1422,18622
42.3507609,-71.1108005,2023-2-26 12:15:42,10513076,1379,18475
42.3507580,-71.1107829,2023-2-26 12:15:43,10435208,1463,18323
42.3507539,-71.1107641,2023-2-26 12:15:44,10947082,1596,18282
42.3507498,-71.1107453,2023-2-26 12:15:45,10727352,1522,18431
42.3507471,-71.1107261,2023-2-26 12:15:46,10190134,1536,18612
42.3507442,-71.1107070,2023-2-26 12:15:47,10338284,1566,18796
42.3507409,-71.1106873,2023-2-26 12:15:48,10383108,1636,18880
42.3507371,-71.1106681,2023-2-26 12:15:49,10726474,1568,18895
42.3507337,-71.1106487,2023-2-26 12:15:50,10404368,1604,18765
42.3507308,-71.1106288,2023-2-26 12:15:51,10253858,1606,18525
42.3507281,-71.1106084,2023-2-26 12:15:52,10087464,1679,18222
42.3507254,-71.1105883,2023-2-26 12:15:53,10178350,1602,18002
42.3507224,-71.1105690,2023-2-26 12:15:54,10286040,1568,17883
42.3507193,-71.1105493,2023-2-26 12:15:55,10255314,1623,17790
42.3507167,-71.1105296,2023-2-26 12:15:56,10088494,1587,17654
42.3507119,-71.1105097,2023-2-26 12:15:57,10910998,1714,17990
42.3507083,-71.1104902,2023-2-26 12:15:58,10440202,1577,18259
42.3507054,-71.1104711,2023-2-26 12:15:59,10290256,1538,18522
42.3507027,-71.1104517,2023-2-26 12:16:0,10118050,1582,18781
42.3506999,-71.1104321,2023-2-26 12:16:1,10147168,1613,18994
42.3506963,-71.1104125,2023-2-26 12:16:2,10478672,1610,19184
42.3506925,-71.1103923,2023-2-26 12:16:3,10685190,1711,18952
42.3506882,-71.1103722,2023-2-26 12:16:4,10732876,1649,18884
42.3506839,-71.1103527,2023-2-26 12:16:5,10720198,1625,18858
42.3506801,-71.1103339,2023-2-26 12:16:6,10637440,1520,18695
42.3506767,-71.1103142,2023-2-26 12:16:7,10335874,1660,18614
42.3506739,-71.1102947,2023-2-26 12:16:8,10213972,1557,18533
42.3506718,-71.1102752,2023-2-26 12:16:9,9853348,1575,18554
42.3506698,-71.1102554,2023-2-26 12:16:10,9898030,1587,18596
42.3506673,-71.1102354,2023-2-26 12:16:11,10080414,1619,18720
42.3506651,-71.1102151,2023-2-26 12:16:12,9811614,1655,18853
42.3506622,-71.1101945,2023-2-26 12:16:13,10187390,1692,19115
42.3506586,-71.1101739,2023-2-26 12:16:14,10404102,1687,19372
42.3506561,-71.1101537,2023-2-26 12:16:15,9970538,1607,19498
42.3506544,-71.1101337,2023-2-26 12:16:16,9728786,1617,19564
42.3506525,-71.1101134,2023-2-26 12:16:17,9797820,1670,19528
42.3506517,-71.1100935,2023-2-26 12:16:18,9229768,1593,19399
42.3506522,-71.1100733,2023-2-26 12:16:19,9016350,1646,19174
42.3506504,-71.1100532,2023-2-26 12:16:20,9851440,1633,19107
42.3506473,-71.1100332,2023-2-26 12:16:21,10195576,1649,18991
42.3506437,-71.1100140,2023-2-26 12:16:22,10381908,1583,18919
42.3506412,-71.1099958,2023-2-26 12:16:23,10146902,1442,18627
42.3506379,-71.1099777,2023-2-26 12:16:24,10384004,1489,18501
42.3506332,-71.1099606,2023-2-26 12:16:25,11040448,1436,18637
42.3506307,-71.1099430,2023-2-26 12:16:26,10160432,1456,18517
42.3506273,-71.1099253,2023-2-26 12:16:27,10393640,1435,18653
42.3506238,-71.1099075,2023-2-26 12:16:28,10475278,1511,18850
42.3506177,-71.1098969,2023-2-26 12:16:29,10555900,1010,19016
42.3506141,-71.1098837,2023-2-26 12:16:30,11629146,1212,18802
42.3506122,-71.1098672,2023-2-26 12:16:31,11174408,1346,18219
42.3506077,-71.1098503,2023-2-26 12:16:32,11433404,1510,17372
42.3506040,-71.1098339,2023-2-26 12:16:33,10582486,1317,17246
42.3506025,-71.1098180,2023-2-26 12:16:34,10272696,1248,16943
42.3505990,-71.1098033,2023-2-26 12:16:35,10272696,1272,16589
42.3505964,-71.1097926,2023-2-26 12:16:36,10376954,774,16456
42.3505930,-71.1097838,2023-2-26 12:16:37,11869062,812,16273
42.3505900,-71.1097782,2023-2-26 12:16:38,13193730,277,16670
42.3505915,-71.1097762,2023-2-26 12:16:39,13193730,45,16505
42.3505944,-71.1097758,2023-2-26 12:16:40,13193730,64,16265
42.3505966,-71.1097761,2023-2-26 12:16:41,13193730,36,16137
42.3505869,-71.1097639,2023-2-26 12:16:42,13247030,2085,16056
42.3505773,-71.1097719,2023-2-26 12:16:43,13247030,1132,16032
42.3505408,-71.1097877,2023-2-26 12:16:44,16808122,3315,15819
42.3505123,-71.1097998,2023-2-26 12:16:45,16808122,3315,15660
42.3504838,-71.1098118,2023-2-26 12:16:46,16808122,3315,15501
42.3504553,-71.1098238,2023-2-26 12:16:47,16808122,3315,15342
42.3504268,-71.1098359,2023-2-26 12:16:48,16808122,3315,15183
42.3503984,-71.1098479,2023-2-26 12:16:49,16808122,3315,15025
42.3503699,-71.1098599,2023-2-26 12:16:50,16808122,3315,14866
42.3503414,-71.1098720,2023-2-26 12:16:51,16808122,3315,14707
42.3488182,-71.1095672,2023-2-26 12:16:52,14927846,41575,8252
42.3484964,-71.1093094,2023-2-26 12:16:53,14927846,41575,7845
42.3481747,-71.1090516,2023-2-26 12:16:54,14927846,41575,7437
42.3478529,-71.1087939,2023-2-26 12:16:55,14927846,41575,7030
42.3490094,-71.1072767,2023-2-26 12:16:56,11536384,31935,8663
42.3488863,-71.1069264,2023-2-26 12:16:57,11536384,31935,8260
42.3487631,-71.1065762,2023-2-26 12:16:58,11536384,31935,7857
42.3486399,-71.1062260,2023-2-26 12:16:59,11536384,31935,7454
42.3485168,-71.1058758,2023-2-26 12:17:0,11536384,31935,7051
42.3456983,-71.1085523,2023-2-26 12:17:1,22878530,18177,16155
42.3455423,-71.1085656,2023-2-26 12:17:2,22878530,7211,-4501
42.3472265,-71.1084332,2023-2-26 12:17:3,22878530,104,-26581
42.3484487,-71.1088467,2023-2-26 12:17:4,22878530,1107,-27830
42.3482685,-71.1090404,2023-2-26 12:17:5,22878530,3528,-38858
42.3486049,-71.1091743,2023-2-26 12:17:6,22878530,1673,-10719
42.3489058,-71.1091008,2023-2-26 12:17:7,22878530,2264,-10552
42.3488857,-71.1091055,2023-2-26 12:17:8,22878530,2264,-12139
42.3488656,-71.1091103,2023-2-26 12:17:9,22878530,2264,-13727
42.3488455,-71.1091150,2023-2-26 12:17:10,22878530,2264,-15314
42.3488255,-71.1091197,2023-2-26 12:17:11,22878530,2264,-16901
42.3488054,-71.1091245,2023-2-26 12:17:12,22878530,2264,-18489
42.3487853,-71.1091292,2023-2-26 12:17:13,22878530,2264,-20076
42.3477322,-71.1098086,2023-2-26 12:17:14,17432412,18009,12435
42.3473895,-71.1133722,2023-2-26 12:17:15,24320690,26956,2374
42.3495822,-71.1128393,2023-2-26 12:17:16,1380333,20149,-3589
42.3506567,-71.1128385,2023-2-26 12:17:17,2803840,31128,17917
42.3495494,-71.1113153,2023-2-26 12:17:18,7968374,35105,9991
42.3485479,-71.1107620,2023-2-26 12:17:19,9593618,38129,-5854
42.3485124,-71.1103017,2023-2-26 12:17:20,9593618,38129,-6949
42.3482606,-71.1094494,2023-2-26 12:17:21,10502866,37090,441
42.3488226,-71.1094471,2023-2-26 12:17:22,10039284,31091,34832
42.3484188,-71.1088030,2023-2-26 12:17:23,11627686,27964,30997
42.3480447,-71.1081336,2023-2-26 12:17:24,12583586,28412,29386
42.3477330,-71.1076762,2023-2-26 12:17:25,13034950,27884,30592
42.3471563,-71.1068833,2023-2-26 12:17:26,13489360,37783,33241
42.3469163,-71.1065585,2023-2-26 12:17:27,13489360,37783,31225
42.3466762,-71.1062336,2023-2-26 12:17:28,13489360,37783,29210
42.3464361,-71.1059088,2023-2-26 12:17:29,13489360,37783,27194
42.3461961,-71.1055840,2023-2-26 12:17:30,13489360,37783,25179
42.3506150,-71.1047719,2023-2-26 12:17:31,10577988,2159,7392
42.3514803,-71.1036494,2023-2-26 12:17:32,7607020,2835,-5046
42.3513861,-71.1034686,2023-2-26 12:17:33,7607020,1966,22743
42.3518889,-71.1035617,2023-2-26 12:17:34,8590332,3619,48735
42.3515426,-71.1031060,2023-2-26 12:17:35,10465470,3964,85123
42.3511920,-71.1036384,2023-2-26 12:17:36,12372588,3427,110289
42.3508493,-71.1035726,2023-2-26 12:17:37,10498278,2093,87615
42.3508586,-71.1036516,2023-2-26 12:17:38,10498278,1970,48702
42.3507047,-71.1036979,2023-2-26 12:17:39,9998182,1653,21486
42.3503104,-71.1049570,2023-2-26 12:17:40,10798468,1435,-19355
42.3505058,-71.1050663,2023-2-26 12:17:41,10820924,1955,-32304
42.3505002,-71.1050438,2023-2-26 12:17:42,10820924,1955,-32341
42.3504946,-71.1050213,2023-2-26 12:17:43,10820924,1955,-32378
42.3504890,-71.1049988,2023-2-26 12:17:44,10820924,1955,-32415
42.3504834,-71.1049763,2023-2-26 12:17:45,10820924,1955,-32452
42.3504728,-71.1050148,2023-2-26 12:17:46,11300838,1678,-33153
42.3504664,-71.1049963,2023-2-26 12:17:47,11300838,1678,-33187
42.3504601,-71.1049778,2023-2-26 12:17:48,11300838,1678,-33221
42.3506298,-71.1055048,2023-2-26 12:17:49,11300838,628,-45931
42.3506545,-71.1060812,2023-2-26 12:17:50,11300838,744,-43855
42.3507180,-71.1062014,2023-2-26 12:17:51,11624388,3057,-48520
42.3507883,-71.1062540,2023-2-26 12:17:52,9081970,2752,-51711
42.3508481,-71.1063719,2023-2-26 12:17:53,8519920,4017,-53761
42.3508752,-71.1064127,2023-2-26 12:17:54,8271868,3425,-58745
42.3509005,-71.1064393,2023-2-26 12:17:55,7753078,2691,-61744
42.3508671,-71.1064576,2023-2-26 12:17:56,8220811,1205,-61566
42.3508729,-71.1064885,2023-2-26 12:17:57,8220811,1527,-61337
42.3508728,-71.1068662,2023-2-26 12:17:58,10173196,1841,-57125
42.3504606,-71.1085896,2023-2-26 12:17:59,10126390,1610,5227
42.3504770,-71.1085733,2023-2-26 12:18:0,10173642,1677,2077
42.3504767,-71.1085451,2023-2-26 12:18:1,10134878,1647,3448
42.3504742,-71.1085273,2023-2-26 12:18:2,10105530,1729,4724
42.3504722,-71.1085076,2023-2-26 12:18:3,9586076,1650,4943
42.3504648,-71.1084874,2023-2-26 12:18:4,9714958,1738,6964
42.3504540,-71.1084664,2023-2-26 12:18:5,9983636,1750,8894
42.3504459,-71.1084454,2023-2-26 12:18:6,10243670,1721,10600
42.3504394,-71.1084240,2023-2-26 12:18:7,9907442,1748,11683
42.3504356,-71.1084025,2023-2-26 12:18:8,10080614,1759,12174
42.3504315,-71.1083821,2023-2-26 12:18:9,10372518,1695,12458
42.3504280,-71.1083625,2023-2-26 12:18:10,10501154,1721,12461
42.3504240,-71.1083423,2023-2-26 12:18:11,10527300,1726,12670
42.3504201,-71.1083225,2023-2-26 12:18:12,10622112,1686,12603
42.3504163,-71.1083024,2023-2-26 12:18:13,10286896,1651,12353
42.3504174,-71.1082922,2023-2-26 12:18:14,10286896,578,12132
42.3504178,-71.1082819,2023-2-26 12:18:15,10256938,883,12079
42.3504115,-71.1082606,2023-2-26 12:18:16,10750520,1821,12070
42.3504103,-71.1082426,2023-2-26 12:18:17,9715594,1671,11512
42.3504095,-71.1082229,2023-2-26 12:18:18,9813246,1653,11187
42.3504093,-71.1082008,2023-2-26 12:18:19,9630768,1739,11596
42.3504082,-71.1081808,2023-2-26 12:18:20,9539060,1701,11652
42.3504184,-71.1081576,2023-2-26 12:18:21,7445158,1533,10389
42.3504240,-71.1081361,2023-2-26 12:18:22,8119110,1674,9877
42.3504240,-71.1081137,2023-2-26 12:18:23,8626990,1873,10190
42.3504224,-71.1080941,2023-2-26 12:18:24,8754902,1575,10115
42.3504176,-71.1080782,2023-2-26 12:18:25,9504028,1339,9894
42.3504167,-71.1080603,2023-2-26 12:18:26,9605814,1524,9762
42.3504149,-71.1080432,2023-2-26 12:18:27,9623750,1495,10027
42.3504123,-71.1080276,2023-2-26 12:18:28,9692486,1394,10318
42.3504091,-71.1080079,2023-2-26 12:18:29,9882334,1630,11085
42.3504024,-71.1079868,2023-2-26 12:18:30,11120834,1829,10731
42.3503969,-71.1079668,2023-2-26 12:18:31,11083132,1764,10660
42.3503912,-71.1079467,2023-2-26 12:18:32,10985992,1799,10664
42.3503865,-71.1079268,2023-2-26 12:18:33,10908236,1737,10652
42.3503821,-71.1078963,2023-2-26 12:18:34,10513612,2118,10654
42.3503760,-71.1078534,2023-2-26 12:18:35,10346670,2691,10502
42.3503531,-71.1078360,2023-2-26 12:18:36,11141586,2396,10346
42.3503494,-71.1078101,2023-2-26 12:18:37,11277194,2317,10458
42.3503420,-71.1077855,2023-2-26 12:18:38,11319692,2265,10463
42.3503356,-71.1077621,2023-2-26 12:18:39,11313054,2197,10470
42.3503419,-71.1077237,2023-2-26 12:18:40,10552846,2372,10447
42.3503376,-71.1076955,2023-2-26 12:18:41,10552846,2372,10453
42.3503415,-71.1076738,2023-2-26 12:18:42,10277830,2220,10380
42.3503474,-71.1076424,2023-2-26 12:18:43,9563600,2426,10299
42.3503548,-71.1076196,2023-2-26 12:18:44,9238848,2329,10125
42.3503561,-71.1075925,2023-2-26 12:18:45,9050160,2316,10055
42.3503832,-71.1075579,2023-2-26 12:18:46,8286188,2572,9842
42.3503886,-71.1075275,2023-2-26 12:18:47,7985575,2572,9845
42.3503940,-71.1074971,2023-2-26 12:18:48,7823443,2572,9847
42.3504003,-71.1074711,2023-2-26 12:18:49,7773932,2588,9837
42.3504054,-71.1074404,2023-2-26 12:18:50,7756689,2588,9838
42.3504106,-71.1074097,2023-2-26 12:18:51,7747200,2588,9838
42.3504036,-71.1073410,2023-2-26 12:18:52,8164257,3066,9569
42.3504063,-71.1073040,2023-2-26 12:18:53,8294141,3066,9568
42.3504090,-71.1072669,2023-2-26 12:18:54,8362881,3066,9567
42.3502755,-71.1071810,2023-2-26 12:18:55,9914838,3478,9495
42.3502654,-71.1071410,2023-2-26 12:18:56,10377560,3478,9494
42.3502553,-71.1071011,2023-2-26 12:18:57,10620748,3478,9492
42.3502507,-71.1070678,2023-2-26 12:18:58,10753248,3069,9441
42.3502418,-71.1070325,2023-2-26 12:18:59,10820676,3069,9443
42.3502328,-71.1069973,2023-2-26 12:19:0,10820676,3069,9442
42.3503450,-71.1070108,2023-2-26 12:19:1,8029323,2241,9454
42.3503032,-71.1068795,2023-2-26 12:19:2,6989308,2253,9714
42.3502780,-71.1068535,2023-2-26 12:19:3,6343016,2122,9630
42.3502482,-71.1068538,2023-2-26 12:19:4,5780706,1724,9623
42.3502360,-71.1068248,2023-2-26 12:19:5,5780706,1668,9618
42.3502266,-71.1067979,2023-2-26 12:19:6,5780706,1631,9613
42.3502252,-71.1067574,2023-2-26 12:19:7,5780706,1824,9497
42.3501801,-71.1067372,2023-2-26 12:19:8,9126968,2775,8748
42.3501404,-71.1067682,2023-2-26 12:19:9,9122876,2668,8820
42.3501363,-71.1067677,2023-2-26 12:19:10,9504788,1599,8586
42.3501427,-71.1067646,2023-2-26 12:19:11,9504788,1077,8416
42.3501480,-71.1067610,2023-2-26 12:19:12,9504788,811,8266
42.3501474,-71.1067586,2023-2-26 12:19:13,9504788,950,8077
42.3501431,-71.1067501,2023-2-26 12:19:14,9504788,850,8035
42.3501385,-71.1067319,2023-2-26 12:19:15,9504788,902,8059
42.3501472,-71.1067034,2023-2-26 12:19:16,9504788,1400,8354
42.3501471,-71.1066839,2023-2-26 12:19:17,9504788,1391,8274
42.3501469,-71.1066670,2023-2-26 12:19:18,9504788,1432,8192
42.3501504,-71.1066434,2023-2-26 12:19:19,9458072,1619,7982
42.3501711,-71.1066331,2023-2-26 12:19:20,9458072,1190,8100
42.3502121,-71.1066268,2023-2-26 12:19:21,9458072,859,8251
42.3501956,-71.1065862,2023-2-26 12:19:22,9458072,1343,8087
42.3501929,-71.1065697,2023-2-26 12:19:23,9458072,1342,8101
42.3501698,-71.1065674,2023-2-26 12:19:24,10626764,1838,7545
42.3501867,-71.1066253,2023-2-26 12:19:25,9702426,2106,6550
42.3502113,-71.1066562,2023-2-26 12:19:26,9485664,1987,6395
42.3502383,-71.1066885,2023-2-26 12:19:27,9015774,1808,4951
42.3502447,-71.1067088,2023-2-26 12:19:28,9091388,1201,5120
42.3502460,-71.1067137,2023-2-26 12:19:29,9498822,1579,4974
42.3502400,-71.1067049,2023-2-26 12:19:30,11088642,1774,5299
42.3502432,-71.1067038,2023-2-26 12:19:31,11061324,1204,4957
42.3502386,-71.1066929,2023-2-26 12:19:32,11472118,1410,4697
42.3502304,-71.1066950,2023-2-26 12:19:33,11196172,1397,6877
42.3502389,-71.1066831,2023-2-26 12:19:34,9993468,1214,5206
42.3502339,-71.1066640,2023-2-26 12:19:35,10029590,1638,5313
42.3502227,-71.1066414,2023-2-26 12:19:36,9605386,1522,6826
42.3502200,-71.1066182,2023-2-26 12:19:37,9308294,1240,6450
42.3502118,-71.1065934,2023-2-26 12:19:38,10266452,1528,6410
42.3502054,-71.1065765,2023-2-26 12:19:39,10577000,1739,6605
42.3502005,-71.1065563,2023-2-26 12:19:40,10544680,1553,6533
42.3501985,-71.1065355,2023-2-26 12:19:41,10262966,1478,6559
42.3501937,-71.1065161,2023-2-26 12:19:42,10356376,1514,6858
42.3501919,-71.1064987,2023-2-26 12:19:43,10316278,1510,7086
42.3501895,-71.1064783,2023-2-26 12:19:44,10552158,1467,6706
42.3501875,-71.1064655,2023-2-26 12:19:45,10552526,1114,7038
42.3501854,-71.1064573,2023-2-26 12:19:46,11072102,621,7373
42.3501849,-71.1064530,2023-2-26 12:19:47,11066646,281,7537
42.3501835,-71.1064522,2023-2-26 12:19:48,11066646,61,7704
42.3501835,-71.1064520,2023-2-26 12:19:49,11066646,27,7815
42.3501816,-71.1064514,2023-2-26 12:19:50,16219334,314,7778
42.3501744,-71.1064497,2023-2-26 12:19:51,17302104,753,7768
42.3501633,-71.1064460,2023-2-26 12:19:52,17322760,1199,7613
42.3501523,-71.1064449,2023-2-26 12:19:53,17330024,1192,7601
42.3501405,-71.1064468,2023-2-26 12:19:54,17864190,1326,7551
42.3501281,-71.1064477,2023-2-26 12:19:55,17864190,1255,7605
42.3501184,-71.1064481,2023-2-26 12:19:56,17864190,1141,7540
42.3500989,-71.1064426,2023-2-26 12:19:57,17363952,1563,7424
42.3500796,-71.1064453,2023-2-26 12:19:58,17529028,1613,7275
42.3500593,-71.1064470,2023-2-26 12:19:59,17903688,2056,6988
42.3500491,-71.1064504,2023-2-26 12:20:0,17869300,1027,6566
42.3500370,-71.1064500,2023-2-26 12:20:1,18019252,1059,6130
42.3500258,-71.1064519,2023-2-26 12:20:2,17445672,995,6026
42.3500192,-71.1064534,2023-2-26 12:20:3,18079528,997,5691
42.3500069,-71.1064495,2023-2-26 12:20:4,18040750,1200,5621
42.3499904,-71.1064481,2023-2-26 12:20:5,17536596,1655,5437
42.3499744,-71.1064475,2023-2-26 12:20:6,17765666,1166,6201
42.3499608,-71.1064469,2023-2-26 12:20:7,19588428,721,6670
42.3499516,-71.1064463,2023-2-26 12:20:8,20371086,426,7610
42.3499411,-71.1064454,2023-2-26 12:20:9,20234816,289,8643
42.3499374,-71.1064479,2023-2-26 12:20:10,20097274,477,8413
42.3499335,-71.1064496,2023-2-26 12:20:11,20588860,357,8023
42.3499269,-71.1064527,2023-2-26 12:20:12,21215974,380,9673
42.3499250,-71.1064565,2023-2-26 12:20:13,20280848,610,9775
42.3499160,-71.1064610,2023-2-26 12:20:14,20545288,1165,10030
42.3499083,-71.1064704,2023-2-26 12:20:15,20761846,1118,10327
42.3498976,-71.1064790,2023-2-26 12:20:16,21276688,1497,10775
42.3498837,-71.1064815,2023-2-26 12:20:17,19689558,1480,10859
42.3498689,-71.1064873,2023-2-26 12:20:18,19957300,1729,11174
42.3498547,-71.1064923,2023-2-26 12:20:19,19488496,1410,12157
42.3498413,-71.1064966,2023-2-26 12:20:20,19500400,1390,12192
42.3498295,-71.1065000,2023-2-26 12:20:21,19410644,1410,12311
42.3498048,-71.1065003,2023-2-26 12:20:22,18909034,2115,12439
42.3497845,-71.1065229,2023-2-26 12:20:23,20132634,2514,12412
42.3497659,-71.1065340,2023-2-26 12:20:24,20313546,2226,12315
42.3497407,-71.1065237,2023-2-26 12:20:25,19260760,2393,12254
42.3497202,-71.1065270,2023-2-26 12:20:26,18979642,2308,12296
42.3496988,-71.1065286,2023-2-26 12:20:27,18819864,2295,12373
42.3496838,-71.1065168,2023-2-26 12:20:28,18515656,2192,11575
42.3496672,-71.1065166,2023-2-26 12:20:29,18515656,2079,11615
42.3496510,-71.1065177,2023-2-26 12:20:30,18515656,2007,11310
42.3495304,-71.1070143,2023-2-26 12:20:31,23722510,6264,12951
42.3493793,-71.1072031,2023-2-26 12:20:32,23544364,9292,13997
42.3493127,-71.1072429,2023-2-26 12:20:33,23122964,8977,14724
42.3491718,-71.1071576,2023-2-26 12:20:34,21677336,8396,18864
42.3493202,-71.1081678,2023-2-26 12:20:35,26039092,16456,19886
42.3494029,-71.1076894,2023-2-26 12:20:36,25962298,7380,19453
42.3493868,-71.1077764,2023-2-26 12:20:37,25962298,7380,19537
42.3493708,-71.1078633,2023-2-26 12:20:38,25962298,7380,19621
42.3493548,-71.1079502,2023-2-26 12:20:39,25962298,7380,19705
42.3493388,-71.1080371,2023-2-26 12:20:40,25962298,7380,19789
42.3506709,-71.1064051,2023-2-26 12:20:41,2885796,12641,21190
42.3507706,-71.1063310,2023-2-26 12:20:42,2885796,12641,21316
42.3508703,-71.1062570,2023-2-26 12:20:43,2885796,12641,21442
42.3487747,-71.1025496,2023-2-26 12:20:44,11753384,27320,22917
42.3486610,-71.1022555,2023-2-26 12:20:45,11753384,27320,23028
42.3485473,-71.1019615,2023-2-26 12:20:46,11753384,27320,23138
42.3484336,-71.1016675,2023-2-26 12:20:47,11753384,27320,23249
42.3483199,-71.1013735,2023-2-26 12:20:48,11753384,27320,23360
42.3482062,-71.1010795,2023-2-26 12:20:49,11753384,27320,23471
42.3480925,-71.1007855,2023-2-26 12:20:50,11753384,27320,23582
42.3479788,-71.1004915,2023-2-26 12:20:51,11753384,27320,23693
42.3478651,-71.1001975,2023-2-26 12:20:52,11753384,27320,23804
42.3477514,-71.0999035,2023-2-26 12:20:53,11753384,27320,23916
42.3489595,-71.1041967,2023-2-26 12:20:54,11753384,1971,23778
42.3489019,-71.1052701,2023-2-26 12:20:55,14000794,5002,23469
42.3490812,-71.1069297,2023-2-26 12:20:56,18292370,5450,21281
42.3490490,-71.1069796,2023-2-26 12:20:57,18292370,5450,21380
42.3493750,-71.1080301,2023-2-26 12:20:58,27697904,8462,23894
42.3495113,-71.1091229,2023-2-26 12:20:59,29262544,17802,25187
42.3498303,-71.1100351,2023-2-26 12:21:0,29862022,26725,26612
42.3501958,-71.1109920,2023-2-26 12:21:1,29634066,29271,26257
42.3501505,-71.1108043,2023-2-26 12:21:2,29605554,25479,14204
42.3501599,-71.1112795,2023-2-26 12:21:3,29170470,26952,17365
42.3502587,-71.1116636,2023-2-26 12:21:4,28945036,28939,18715
42.3503455,-71.1119948,2023-2-26 12:21:5,28945036,28939,18785
42.3504322,-71.1123260,2023-2-26 12:21:6,28945036,28939,18856
42.3505190,-71.1126572,2023-2-26 12:21:7,28945036,28939,18927
42.3506057,-71.1129884,2023-2-26 12:21:8,28945036,28939,18998
42.3506925,-71.1133195,2023-2-26 12:21:9,28945036,28939,19069
42.3507792,-71.1136507,2023-2-26 12:21:10,28945036,28939,19140
42.3508660,-71.1139819,2023-2-26 12:21:11,28945036,28939,19211
42.3509527,-71.1143131,2023-2-26 12:21:12,28945036,28939,19282
42.3510395,-71.1146443,2023-2-26 12:21:13,28945036,28939,19354
42.3511262,-71.1149754,2023-2-26 12:21:14,28945036,28939,19426
42.3512129,-71.1153066,2023-2-26 12:21:15,28945036,0,19498
42.3512129,-71.1153066,2023-2-26 12:21:16,28945036,0,19498
42.3512129,-71.1153066,2023-2-26 12:21:17,28945036,0,19498
42.3512129,-71.1153066,2023-2-26 12:21:18,28945036,0,19498
42.3512129,-71.1153066,2023-2-26 12:21:19,28945036,0,19498
42.3512129,-71.1153066,2023-2-26 12:21:20,28945036,0,19498
42.3512129,-71.1153066,2023-2-26 12:21:21,28945036,0,19498
42.3512129,-71.1153066,2023-2-26 12:21:22,28945036,0,19498
42.3512129,-71.1153066,2023-2-26 12:21:23,28945036,0,19498
42.3512129,-71.1153066,2023-2-26 12:21:24,28945036,0,19498
42.3512129,-71.1153066,2023-2-26 12:21:25,28945036,0,19498
42.3512129,-71.1153066,2023-2-26 12:21:26,28945036,0,19498
42.3543332,-71.1102104,2023-2-26 12:21:27,17113980,40508,35742
42.3463714,-71.1011908,2023-2-26 12:21:28,17113980,25264,16980
42.3461440,-71.1011931,2023-2-26 12:21:29,17113980,25264,16914
42.3459166,-71.1011955,2023-2-26 12:21:30,17113980,25264,16848
42.3456892,-71.1011979,2023-2-26 12:21:31,17113980,25264,16781
42.3454617,-71.1012003,2023-2-26 12:21:32,17113980,25264,16715
42.3452343,-71.1012027,2023-2-26 12:21:33,17113980,25264,16649
42.3450069,-71.1012050,2023-2-26 12:21:34,17113980,25264,16583
42.3447794,-71.1012074,2023-2-26 12:21:35,17113980,25264,16518
42.3445520,-71.1012098,2023-2-26 12:21:36,17113980,25264,16452
42.3443246,-71.1012122,2023-2-26 12:21:37,17113980,25264,16386
42.3440971,-71.1012146,2023-2-26 12:21:38,17113980,25264,16321
42.3438697,-71.1012169,2023-2-26 12:21:39,17113980,0,16255
42.3438697,-71.1012169,2023-2-26 12:21:40,17113980,0,16255
42.3438697,-71.1012169,2023-2-26 12:21:41,17113980,0,16255
42.3438697,-71.1012169,2023-2-26 12:21:42,17113980,0,16255
42.3438697,-71.1012169,2023-2-26 12:21:43,17113980,0,16255
42.3438697,-71.1012169,2023-2-26 12:21:44,17113980,0,16255
42.3438697,-71.1012169,2023-2-26 12:21:45,17113980,0,16255
42.3438697,-71.1012169,2023-2-26 12:21:46,17113980,0,16255
42.3438697,-71.1012169,2023-2-26 12:21:47,17113980,0,16255
42.3438697,-71.1012169,2023-2-26 12:21:48,17113980,0,16255
42.3438697,-71.1012169,2023-2-26 12:21:49,17113980,0,16255
42.3438697,-71.1012169,2023-2-26 12:21:50,17113980,0,16255
42.3438697,-71.1012169,2023-2-26 12:21:51,17113980,0,16255
42.3438697,-71.1012169,2023-2-26 12:21:52,17113980,0,16255
42.3438697,-71.1012169,2023-2-26 12:21:53,17113980,0,16255
42.3438697,-71.1012169,2023-2-26 12:21:54,17113980,0,16255
42.3438697,-71.1012169,2023-2-26 12:21:55,17113980,0,16255
42.3438697,-71.1012169,2023-2-26 12:21:56,17113980,0,16255
42.3438697,-71.1012169,2023-2-26 12:21:57,17113980,0,16255
42.3438697,-71.1012169,2023-2-26 12:21:58,17113980,0,16255
42.3438697,-71.1012169,2023-2-26 12:21:59,17113980,0,16255
42.3438697,-71.1012169,2023-2-26 12:22:0,17113980,0,16255
42.3438697,-71.1012169,2023-2-26 12:22:1,17113980,0,16255
42.3438697,-71.1012169,2023-2-26 12:22:2,17113980,0,16255
